
     *   (0 0 0 1)*x_1  This can be written as 
     * + (0 1 0 1)*x_2 
     * + (0 0 1 0)*x_3 
     * + (0 0 1 1)*x_4 
     * + (1 0 1 0)*x_5 
     * + (1 1 0 0)*x_6 
     * = {3,5,4,7}           - 19 

     1 1 0 1 0 0 7
     0 0 1 1 1 0 4
     0 1 0 0 0 1 5
     0 0 0 0 1 1 3

    23       6      17    28       15
(0,2,3,4)  (2,3)  (0,4) (0,1,2) (1,2,3,4) {7,5,12,7,2}
  10111    00110  10001  11100   01111

  6  15 17 23 28
  x1 x2 x3 x4 x5
  0  1  1  1  0  2
  1  1  0  1  0  7
  1  1  0  1  1  12
  0  1  0  0  1  5
  0  0  1  1  1  7 


x1 x2 x3 pivots, x4 x5 free

x2 + x3 + x4 = 2    	=>	x2 = 2 - a - b;
x1 + x2 + x3 = 7   	=>	x1 = 7 - x2 - a
x1 + x2 + x4 + x5 = 12  =>      	
x2 + x5 = 5
x3 + x4 + x5 = 7 	=>	x3 = 7 - a - b

x1 = 10  
b = 5

x2 = -3 - a
x3 = 2 - a


4 
3
2
1
0
-----
 1   2    3    5   10   12 
(3) (2) (2,3)(1,3)(0,2)(0,1) {3,5,4,7}

 1   0    1    1    0    0      7
 0   1    1    0    1    0      4
 0   0    0    1    0    1      5
 0   0    0    0    1    1      3

Sorted, i now have a row echelon matrix

therefore 

x3 x6 free variables 
x1, x2, x4, x5


One way to do this is by pressing (3) once, (1,3) three times, (2,3) three
times, (0,2) once, and (0,1) twice.






[.#.#] (0,1,2) (1,3) {9,18,9,9}

[1,1,1,0]     [9,9,9,0]
[0,1,0,1]     [0,9,0,9] - which sums to the correct one.. 

(bit)(3) (2) (2,3) (1,3) (0,2)(0,1) {3,5,4,7}
1[0,0,0,1] [0,0,0,1]
2[0,0,1,0] [0,0,1,0]
3[0,0,1,1] [0,0,4,4]
5[0,1,0,1] [0,2,0,2]
10[1,0,1,0] [3,0,3,0]
12[1,1,0,0] [3,3,0,0]

[3,2,4,7]

(0,2,3,4) (2,3) (0,4) (0,1,2) (1,2,3,4) {7,5,12,7,2}

[0,0,1,1,0]
[0,1,1,1,1]
[1,0,0,0,1]
[1,0,1,1,1]
[1,1,1,0,0]

[7,7,12,5,2]


[#.##] (1,3) (0,2,3) {6,10,6,16}


[#....] (0,1,3,4) (0,1,2,3) (1,2,3) {28,29,15,29,14}

[0,1,1,1,0] [ 0, 1, 1, 1, 0]
[1,1,0,1,1] [14,14, 0,14,14]
[1,1,1,1,0] [15,15,15,15, 0]
	     29 30 16 30  14

	
[..#.] (0,1) (0,3) (2) (0,2) (1,2) {35,39,37,6}


[0,0,1,0] [0, 0, 27,0]
[0,1,1,0] [0, 10,10,0]
 - [1,0,0,1] [6, 0, 0, 6]
[1,0,1,0] [0, 0, 0, 0]
[1,1,0,0] [0, 0, 0, 0]

{35,39,37,6}

{29,39,36,0}


 (0,1,3) (0,2) {168,168,0,168}

 [1,0,1,0]
 [1,1,0,1]


[.###.#] (0,1,2,3,4) (0,3,4) (0,1,2,4,5) (1,2) {10,11,11,5,10,5}

[1,1,1,1,1,0]
[1,0,0,1,1,0]
[1,1,1,0,1,1]
[0,1,1,0,0,0]


{5,6,6,5,5,0}

[0,6,6,0,0,0]
[5,0,0,5,5,0]





(0) (0,1,3) (1,3) (1,2) (2,3) (0,1,2) {21,35,28,39}

[0,0,1,1] 
[0,1,0,1]
[0,1,1,0]
[1,0,0,0]
[1,1,0,1]
[1,1,1,0]

{21,24,21,21}


